0
151
4 730995
5 893094
6 893849
7 893909
8 893969
9 894029
10 894328
11 894388
12 894448
13 894508
14 894568
15 894628
16 894688
17 894748
18 895167
19 895227
20 895287
21 895347
22 895407
23 895467
24 895527
25 896584
26 896644
27 896704
28 896764
29 896824
30 896884
31 896944
32 897903
33 897963
34 898142
35 898202
37 898262
38 898979
39 899039
40 899099
41 899159
42 899219
43 899279
44 899339
45 899399
46 899758
47 899818
48 899878
49 899938
50 899998
51 900058
52 900118
53 900178
54 900238
55 900537
56 900597
57 900657
58 900717
59 900777
60 900837
61 900897
62 900957
63 901976
64 902036
65 902096
66 902156
67 902216
68 902276
69 902336
70 902396
71 903055
72 903115
73 903175
74 903235
75 903295
76 903355
77 903415
78 903475
79 904796
80 904856
81 904916
82 904976
83 905036
84 905096
85 905156
86 905216
87 905276
88 905635
89 905695
90 905755
91 905815
92 905875
93 905935
94 905995
95 906055
96 906115
97 907614
98 907674
99 907734
100 907794
101 907854
102 907914
103 907974
104 908034
106 909084
108 909172
110 909229
112 909287
114 909345
115 909403
116 910542
117 910602
118 910662
119 910722
120 910782
121 910842
122 910902
123 910962
124 911022
125 911921
126 911981
127 912041
128 912101
129 912161
130 912221
131 912281
132 912341
133 913546
134 913606
135 913666
136 913726
137 913786
138 913846
139 913906
140 914985
141 915045
142 915105
143 915165
144 915225
145 915284
146 915344
148 915404
149 915821
150 915881
152 915941
153 915998
154 916058
155 916118
156 916178
158 925901
159 925928
160 955766
161 955771
162 984500
163 1011693
